Counterexamples:
1.201
1.406
1.539
1.548
2.7
2.43
2.44
2.58
2.196
2.274
2.285
2.308
2.389
2.465
2.467
2.518
2.588
2.634
2.648
2.700
2.751
2.820
2.824
2.832
3.54
3.64
3.155
3.172
3.374
3.380
3.389
3.413
3.422
3.424
3.441
4.10
4.24
4.69
4.92
4.103
4.121
4.155
4.161
4.192
4.203
4.249
4.256
4.274
4.284
4.312
4.337
4.338
4.369
5.27
5.30
5.31
5.71
5.77
5.123
5.131
5.242
5.248
5.274
5.308
5.312
5.359
5.370
5.375
5.427
5.431
5.454
5.455
5.462
5.467
5.477
5.525
5.547
5.695
5.713
5.748
5.774
5.817
5.820
5.840
5.871
6.45
6.62
6.142
6.163
6.194
6.214
6.343
6.402
6.456
6.469
7.112
7.131
7.212
7.329
7.356
7.425
7.446
7.464
7.472
7.474
8.101
8.109
8.179
8.190
8.199
8.212
8.300
8.309
8.351
8.392
8.428
8.461
9.5
9.91
9.131
9.132
9.180
9.191
9.221
9.255
9.274
9.276
9.382
9.389
9.443
9.451
9.502
9.503
9.520
9.537
9.545
9.550
9.574
9.629
10.22
10.65
10.69
10.132
10.163
10.191
10.292
10.465
10.558
10.572
10.573
11.10
11.32
11.36
11.37
11.230
11.239
11.330
11.340
11.378
11.459
11.463
11.476
11.480
11.571
11.663
11.791
11.814
11.829
11.845
12.20
12.159
12.198
12.205
12.208
12.241
12.263
12.274
12.278
12.308
12.365
12.379
12.389
12.402
12.413
12.459
13.40
13.80
13.81
13.94
13.163
13.175
13.244
13.316
13.323
13.334
13.366
13.406
13.456
13.462
13.480
13.529
13.569
13.585
13.615
13.624
13.672
13.750
13.754
13.799
14.2
14.78
14.138
14.164
14.166
14.171
14.183
14.186
14.188
14.193
14.197
14.211
14.224
14.227
14.292
14.299
14.313
14.324
14.326
14.328
14.349
14.355
14.374
14.466
14.486
14.491
15.35
15.48
15.89
15.119
15.145
15.150
15.157
15.183
15.187
15.254
15.313
15.381
15.403
15.478
15.592
15.604
16.6
16.67
16.101
16.115
16.228
16.358
16.460
16.475
16.488
16.537
16.542
16.556
16.594
16.607
16.636
16.706
16.736
16.767
16.773
16.818
16.829
16.857
16.858
17.42
17.74
17.109
17.142
17.219
17.269
17.431
17.463
17.468
17.500
17.503
17.524
17.553
17.598
17.621
17.699
17.726
17.739
17.751
18.72
18.164
18.169
18.199
18.318
18.344
18.368
18.388
18.402
18.414
18.448
18.571
19.5
19.20
19.106
19.120
19.282
19.285
19.341
19.350
19.395
20.40
20.55
20.105
20.209
20.215
20.242
20.248
20.261
20.281
20.331
20.385
20.448
21.12
21.73
21.113
21.124
21.223
21.256
21.258
21.283
21.305
21.308
21.313
21.318
21.328
21.368
21.409
21.416
21.419
21.430
21.514
21.519
21.547
21.559
22.7
22.19
22.31
22.37
22.57
22.76
22.81
22.88
22.163
22.215
22.216
22.228
22.282
22.307
22.314
22.363
22.364
22.379
22.393
22.443
22.470
23.2
23.40
23.53
23.119
23.133
23.185
23.195
23.196
23.198
23.244
23.331
23.366
23.395
23.417
23.425
23.446
23.493
23.557
23.583
23.601
23.602
23.625
23.748
23.758
23.777
24.6
24.36
24.43
24.67
24.142
24.265
24.343
24.364
24.430
24.517
24.525
24.627
24.699
24.707
